0 1229.625
1 727.125
2 748.5
3 1032.25
4 813.125
5 877.375
6 668.625
7 740.75
8 746.0
9 711.25
10 834.75
11 684.75
12 788.75
13 1131.625
14 1057.625
15 1121.125
16 1014.25
17 887.25
18 1289.875
19 1151.375
20 1010.125
21 1071.625
22 943.125
23 849.5
24 760.0
25 922.0
26 798.125
27 960.625
28 930.75
29 795.75
30 1042.125
31 965.625
32 1007.75
33 831.875
34 794.125
35 865.875
36 1131.125
37 1088.75
38 970.0
39 642.75
40 730.375
41 792.0
42 787.75
43 681.75
44 725.125
45 826.125
46 722.625
47 695.0
48 772.625
49 675.5
50 706.5
